"hat psi" "bias" "sd" "mean-se" "coverage" "tilde psi" "bias" "sd"
"A=1" 0.347143393000961 0.00479605703411395 0.0171612400463803 0.0184364095944585 1 0.350766947394159 0.00841961142731118 0.0120744034426481
"A=0" 0.198005685409761 0.00662613545701288 0.00357233738459895 0.0137071495411813 1 0.193620761942864 0.0022412119901159 0.00652362821693493
