"hat psi" "bias" "sd" "mean-se" "coverage" "tilde psi" "bias" "sd"
"A=1" 0.346542999294968 0.00419566332812105 0.0373985063244522 0.0246493395381711 0.8 0.353655943554442 0.0113086075875942 0.0449162348415114
"A=0" 0.197092045400915 0.00571249544816718 0.0130958694414135 0.0159315952219736 1 0.189810183324024 -0.00156936662872412 0.0200074718899056
