"hat psi" "bias" "sd" "mean-se" "coverage" "tilde psi" "bias" "sd"
"A=1" 0.340706498881914 -0.00164083708493334 0.030884535805077 0.0273541239341976 0.893 0.338427603858927 -0.00391973210792074 0.0326829095970655
"A=0" 0.198244519137836 0.00686496918508778 0.0167596081604701 0.0161174690727788 0.926 0.192550908878559 0.00117135892581136 0.0178247218952963
