"hat psi" "bias" "sd" "mean-se" "coverage" "tilde psi" "bias" "sd"
"A=1" 0.342844419079729 0.000497083112882046 0.0144430218798042 0.0148345968908417 0.957 0.342734279140952 0.000386943174105092 0.0149991238027869
"A=0" 0.194464034644264 0.0030844846915154 0.0123495676855918 0.0119664531723328 0.936 0.192716219294502 0.00133666934175403 0.0124463771723285
