"hat psi" "bias" "sd" "mean-se" "coverage" "tilde psi" "bias" "sd"
"A=1" 0.344681223471916 0.0023338875050683 0.0140168158871907 0.0149273361469119 1 0.34740510968373 0.00505777371688226 0.0144417466063417
"A=0" 0.201965485473507 0.0105859355207591 0.00759847428485973 0.0121293635983156 1 0.200632367563612 0.00925281761086405 0.00606158794921715
