"hat psi" "bias" "sd" "mean-se" "coverage" "tilde psi" "bias" "sd"
"A=1" 0.347143393000961 0.00479605703411395 0.0171612400463803 0.0184364095944585 1 0.350766947394159 0.00841961142731118 0.0120744034426482
"A=0" 0.198005685409761 0.00662613545701282 0.00357233738459897 0.0137071495411813 1 0.193620761942864 0.00224121199011587 0.00652362821693491
