"hat psi" "bias" "sd" "mean-se" "coverage" "tilde psi" "bias" "sd"
"A=1" 0.344592780647929 0.00224544468108151 0.0186591876889344 0.0188418909553418 0.946 0.343108755562765 0.000761419595917745 0.0201752544379229
"A=0" 0.196616460402005 0.00523691044925717 0.0138575814868585 0.0136263778260057 0.94 0.192484759129983 0.00110520917723531 0.0144377980199956
