"hat psi" "bias" "sd" "mean-se" "coverage" "tilde psi" "bias" "sd"
"A=1" 0.343370971329137 0.00102363536228961 0.0146075345517505 0.0148693350014678 0.952047952047952 0.343236098734289 0.000888762767441265 0.0152431173000566
"A=0" 0.194462871746614 0.00308332179386586 0.011936025339725 0.011992539498399 0.951048951048951 0.192842964364013 0.00146341441126521 0.0122215305505368
