"hat psi" "bias" "sd" "mean-se" "coverage" "tilde psi" "bias" "sd"
"A=1" 0.33685021339539 -0.00549712257145707 0.0326965533527684 0.0274014115531743 0.884115884115884 0.334737631659488 -0.00760970430735897 0.033769219377301
"A=0" 0.198030251174739 0.00665070122199124 0.0161855685376043 0.0161123404456552 0.92007992007992 0.19239726512819 0.00101771517544191 0.0173381183899222
