"hat psi" "bias" "sd" "mean-se" "coverage" "tilde psi" "bias" "sd"
"A=1" 0.338144971799406 -0.00420236416744096 0.0326890746999715 0.0277077420717504 0.886113886113886 0.336487737825142 -0.00585959814170556 0.0339601962578192
"A=0" 0.198081203880853 0.00670165392810504 0.0161945194737172 0.0161328514199906 0.939060939060939 0.19238317000974 0.00100362005699217 0.0170814096363282
