"hat psi" "bias" "sd" "mean-se" "coverage" "tilde psi" "bias" "sd"
"A=1" 0.343292858093996 0.000945522127148601 0.0140934424593788 0.0148882662063417 0.971028971028971 0.343257974050222 0.000910638083374993 0.0147609435508578
"A=0" 0.195127055810023 0.00374750585727479 0.0119951679268012 0.0119967456557285 0.939060939060939 0.193301947433217 0.00192239748046841 0.0123121994114267
