"hat psi" "bias" "sd" "mean-se" "coverage" "tilde psi" "bias" "sd"
"A=1" 0.34335212546033 0.00100478949348215 0.0196110212103098 0.019014212490516 0.941058941058941 0.34165535004507 -0.000691985921777161 0.0207429036206887
"A=0" 0.19635895716876 0.00497940721601228 0.0140566659390917 0.0136584979916638 0.929070929070929 0.192167406732001 0.00078785677925261 0.0148543710506062
