"hat psi" "bias" "sd" "mean-se" "coverage" "tilde psi" "bias" "sd"
"A=1" 0.343409371019657 0.00106203505280994 0.0191339648623401 0.0189572421402149 0.95004995004995 0.342572133152673 0.000224797185825465 0.0204156001873452
"A=0" 0.196029390242466 0.00464984028971749 0.0141804160723306 0.0136435827128028 0.929070929070929 0.191798229627472 0.00041867967472406 0.0149037438110669
